http://localhost/cgi-bin/lightwave?action=fetch&db=ecgiddb&record=Person_01/rec_1&signal=ECG%20I&signal=ECG%20I%20filtered&t0=0&dt=10&callback=?

action = fetch
db = ecgiddb
record = Person_01/rec_1
signal=ECG I
signal=ECG I filtered
t0=0
dt=10

?({ "fetch":
  { "signal":
    [
      { "name": "ECG I",
        "units": "mV",
        "t0": 0,
        "tf": 5000,
        "gain": 200,
        "base": 0,
        "tps": 1,
        "scale": 1,
        "samp": [ -17,1,2,-1,-4,1,-2,0,0,3,5,3,-2,-1,-2,-2,-1,1,2,6,-2,1,1,0,-3,-1,1,0,0,2,1,-1,1,2,-1,-2,-2,0,1,6,1,1,3,-1,-1,-4,-2,1,0,3,2,1,2,2,-4,-1,2,0,1,3,3,3,1,-3,-1,1,-1,0,6,1,3,3,0,2,-2,-1,0,-1,6,6,1,0,3,0,-4,1,-2,0,2,4,2,0,2,-2,-2,-1,-2,-1,1,-2,2,0,1,-5,-2,-5,-4,-4,1,2,0,-3,0,-4,-2,-3,-4,-2,1,0,1,1,-2,2,1,3,1,2,4,4,1,6,-1,-5,-1,-3,2,0,2,1,3,1,3,-3,-3,-1,0,0,1,2,2,1,3,-1,-4,0,0,0,2,1,-1,3,0,0,-2,-5,-1,0,6,2,-1,3,-1,-3,-1,0,-2,1,1,3,0,2,-1,-1,-1,1,-3,0,2,2,0,-1,-1,-3,0,-2,1,1,3,0,-1,1,-1,-4,0,0,-1,2,2,1,-3,1,-1,-2,-1,1,-3,2,1,1,2,3,-3,-2,-3,1,-1,1,2,0,1,0,-4,-3,-1,-1,0,1,3,-1,3,5,-3,-1,-6,1,-3,2,1,2,2,3,-2,-3,-1,1,-1,2,3,5,-1,1,-2,-1,-2,-1,-2,3,6,-1,1,0,-2,-1,-1,-3,-1,4,6,2,0,2,-2,-8,-1,0,-4,0,1,-1,-1,0,-1,-6,2,-1,1,2,1,0,3,-4,-4,-1,-1,-2,2,0,2,1,0,0,0,-2,-3,-3,1,2,2,2,1,-1,-4,-2,1,-2,2,4,-4,2,2,-2,-3,-5,-2,-3,-1,1,2,2,7,7,9,10,8,11,16,18,21,23,15,3,-10,-11,-12,-17,-15,-15,-21,-26,-18,-14,-8,0,2,1,5,8,6,5,1,-1,-4,-4,-3,-1,3,2,1,4,0,-1,-4,1,-4,-1,2,0,2,2,-2,1,0,-2,1,-2,2,3,1,1,3,-3,-3,-2,-1,0,2,4,0,1,-1,-3,2,-3,1,-1,2,1,3,1,2,0,-1,-1,-3,1,0,2,1,2,1,1,0,1,0,-1,3,3,2,0,3,-1,0,-1,-2,0,3,3,4,1,1,-2,2,1,-2,1,3,5,1,1,-1,-2,-2,-1,0,0,0,4,1,0,-2,-5,-4,-3,-1,-1,1,-3,3,0,-3,-4,-3,-2,-3,-5,-3,2,0,-1,-2,-3,-3,-1,-2,1,4,2,-2,1,-1,-4,-2,-3,-2,2,3,-1,4,-2,1,-4,-1,-1,0,3,0,2,3,-2,0,-4,-1,0,-1,1,1,2,-3,5,-5,1,0,-2,0,3,1,0,0,0,-2,-1,0,-1,1,5,0,1,1,1,-2,-2,-2,-1,-1,2,1,4,1,1,-1,-1,-2,-1,-1,2,0,1,2,0,-2,1,-3,-1,-1,0,3,1,4,-1,-4,0,-1,-3,-2,4,0,2,2,-1,-3,-1,5,-6,-1,3,2,-1,4,-1,-4,-2,-1,-1,0,1,3,0,1,3,-3,-2,-1,-4,0,4,1,2,0,0,-2,-2,1,0,2,1,2,4,-1,-3,-3,2,-1,-1,0,3,2,1,5,-4,0,-2,-1,-1,0,3,3,2,1,-1,-2,0,-1,0,0,0,1,3,2,-2,-6,-3,-2,-4,1,1,1,-1,4,-2,-5,0,-2,-2,3,2,1,0,3,-4,0,-1,-1,0,1,-1,0,0,0,0,-3,-1,1,-4,2,2,4,3,0,-2,-1,-5,0,-3,0,4,1,1,-1,-4,-2,-2,-5,-3,4,6,12,13,11,10,9,11,10,23,25,25,10,-6,-9,-12,-14,-19,-17,-22,-22,-23,-17,-8,2,4,2,1,5,7,-1,5,-1,-2,1,0,-5,-1,-2,1,1,2,2,4,-3,0,-2,-1,1,-1,4,1,2,3,-3,-4,-1,-1,1,-1,5,1,1,2,0,-2,-2,1,1,1,4,3,1,0,-2,-2,-3,0,0,4,1,2,4,3,1,-3,-2,1,-1,1,0,3,1,1,-1,0,0,0,2,1,4,3,2,1,2,0,2,-3,-1,2,6,1,3,2,1,-3,2,0,-1,3,3,2,-1,2,-3,0,-4,-1,-2,0,3,0,3,2,-5,-2,-4,-2,-2,-1,-2,-1,-1,-4,-1,-4,-2,-2,-1,1,-1,0,-2,-1,-1,-4,-2,-2,0,2,1,-1,2,-2,-2,-4,0,-4,1,2,2,2,2,-2,-3,-1,0,0,0,0,3,3,2,-1,-1,-5,1,0,-1,-1,1,0,4,3,-4,-1,-2,-2,0,3,3,2,1,0,-4,-1,-5,2,0,1,5,2,1,1,-5,-2,-3,-2,3,2,3,0,1,1,-3,-1,-3,-1,0,2,3,1,2,1,-4,-3,-1,-2,1,4,0,1,2,1,-2,-3,-1,-1,1,2,0,0,-1,0,0,-1,-2,0,1,2,0,1,0,-1,-3,0,0,-2,1,2,2,1,-1,-1,-2,-1,-1,-1,3,1,1,2,1,-2,-3,-1,-3,0,0,2,-1,3,3,-3,-3,0,2,-1,-1,3,1,1,2,-1,-3,-3,-1,1,4,1,1,2,-1,-1,0,-1,3,2,3,8,1,3,3,0,-2,0,1,-2,3,1,1,2,1,1,3,2,-2,-2,3,3,3,1,-2,-1,-1,2,-1,-2,2,0,0,-1,-1,-2,-3,-4,0,-2,1,2,1,1,2,-3,0,-1,-2,-3,0,0,2,2,1,-3,-2,-3,-1,0,3,4,1,1,1,-6,-3,-2,-2,5,3,0,1,2,-2,-2,-2,-2,-1,2,-1,1,2,-2,2,-7,-2,-5,0,4,6,9,12,12,9,9,12,12,22,25,28,14,-6,-4,-13,-16,-20,-18,-22,-26,-22,-21,-8,5,1,0,3,1,3,4,5,2,-1,1,-2,-3,-3,-1,1,3,1,0,2,2,-1,-3,-4,-3,1,3,4,0,0,5,-6,-2,-1,-2,3,4,2,1,1,1,-3,-3,-1,-1,1,4,2,2,1,2,-6,-4,-1,1,-1,4,1,1,3,2,-1,-2,-1,0,-2,1,5,1,1,-1,0,-1,2,-3,1,3,6,1,2,0,-2,-1,2,-4,5,5,1,1,2,0,0,-1,0,-3,3,0,3,3,0,-1,0,-1,-1,-4,0,-1,1,0,2,-2,-5,-3,-6,-4,0,-4,1,1,-2,-4,-2,-5,0,-4,1,-1,0,-2,0,-6,-1,-2,-1,-4,1,2,0,0,4,-3,-2,-3,-2,-2,2,1,1,1,3,-4,1,-4,-6,3,1,5,2,1,0,-2,-5,-1,-1,2,-1,1,2,1,1,-3,-2,-4,0,1,2,3,2,-1,2,-3,-1,-1,-3,-1,3,0,4,1,-1,-2,-3,-1,-1,0,1,6,-1,0,2,-4,-1,0,0,0,3,-2,1,1,-1,-3,-3,0,-1,1,4,2,-1,1,1,-4,0,-4,-1,1,2,1,3,1,0,-3,-3,-1,-2,1,4,0,2,2,-2,-1,-3,0,-1,-2,1,2,1,2,-1,-1,-2,0,-3,3,2,3,0,2,-1,-3,-5,0,-4,1,5,2,2,0,-2,-3,-2,1,0,2,1,1,2,1,0,-3,-4,0,-1,3,1,1,-1,3,-4,-2,-2,-1,0,3,4,5,1,-4,-4,-2,-2,-1,-2,3,3,2,3,1,-4,-2,-1,-2,0,3,2,0,1,1,-3,-2,0,-1,2,2,1,0,2,1,-5,-3,-2,4,-2,2,4,1,-1,1,-2,-3,-1,1,1,1,1,0,3,-1,-3,1,1,-3,2,3,1,4,-1,-2,-1,-3,0,0,0,2,4,5,1,1,-3,0,-3,-1,0,0,3,3,7,-4,-4,-1,-5,-4,1,3,0,-1,0,-4,-2,-3,-2,-1,0,4,0,3,2,-2,-3,-2,0,-2,0,2,4,0,0,-4,0,-1,-4,-1,2,4,1,2,2,-3,-3,-3,-2,1,3,1,1,1,5,-6,-1,-1,-4,-2,3,2,-1,0,-1,-4,-1,1,0,7,14,13,10,12,16,8,17,20,26,16,1,0,-11,-9,-22,-17,-22,-27,-29,-24,-10,-1,7,3,5,5,3,0,-1,3,2,0,3,1,-1,-3,-2,0,0,-1,3,2,2,-2,2,-3,-4,1,-1,5,0,4,2,-1,0,-3,-3,1,-3,2,3,4,3,1,-2,-5,-1,-1,-6,5,5,0,2,4,-1,-1,-2,-1,-1,3,-1,1,2,3,1,-3,0,-3,2,0,4,3,2,2,1,-1,-1,-2,3,1,6,2,1,3,0,-2,-1,0,2,3,3,3,-1,2,-2,1,3,-1,-1,4,1,2,-3,4,-4,0,-1,-4,-1,1,3,-3,1,-1,1,-9,-1,-1,-3,0,1,-1,-1,-2,-3,-2,-4,-4,-4,0,-2,2,0,-1,-3,-2,-1,-3,-1,0,3,0,3,0,-3,-1,-3,0,2,1,-1,-1,-1,0,-4,0,1,-1,0,3,1,0,1,1,-1,-2,-1,-3,2,2,1,4,3,-1,-4,-5,0,-1,4,2,5,-3,2,0,-3,-3,-2,-1,1,4,1,0,3,3,-5,-2,-1,-3,0,3,3,0,3,1,-3,-1,-2,-1,0,4,0,0,1,3,-6,1,-1,-2,3,0,4,-2,2,0,-2,-3,0,-2,-1,3,2,1,0,-1,-1,-5,0,-2,2,5,1,4,-3,0,-3,-3,-3,-1,7,-1,1,-1,3,-1,-3,-1,-2,-1,1,1,2,2,2,-3,-2,1,-2,-2,5,1,2,1,-3,0,-3,0,-2,0,0,1,7,-1,3,-5,-4,-1,-1,-1,3,2,5,0,0,-1,-3,-2,-1,-4,1,1,2,5,0,-4,0,-2,-2,0,2,4,2,2,-2,0,-1,-1,-3,0,4,1,1,2,1,-3,-1,-1,-2,1,-1,5,6,1,2,2,1,-1,1,-2,3,1,2,2,2,-2,-2,-2,-1,3,2,5,3,4,1,-7,-1,2,-2,1,1,2,3,2,2,0,-3,1,-3,1,0,2,2,2,3,-2,1,0,-2,0,1,-1,2,3,-3,-1,0,0,-4,-2,2,0,-1,0,-1,-4,0,-3,-1,1,2,3,1,-1,-2,-1,-3,-1,-3,3,4,-1,1,-1,-1,-3,-2,1,-4,3,0,2,1,3,-3,-4,-1,-2,0,1,3,2,1,0,-3,-1,0,-4,4,0,0,1,-2,2,-2,-5,-1,2,3,6,9,11,10,11,8,13,21,21,20,10,0,-3,-9,-16,-20,-17,-21,-27,-24,-17,-6,1,4,7,2,0,3,4,5,1,2,4,-2,-4,-3,-1,-1,1,0,3,1,3,0,1,-3,0,-2,0,0,3,2,2,2,-4,-4,-3,-1,0,1,4,4,2,1,-1,-2,-2,-1,1,1,2,1,0,1,0,-5,0,3,-3,1,2,2,3,4,-3,-2,-2,-1,1,0,2,0,1,4,1,-2,0,1,-1,5,-1,3,1,2,-1,-1,0,0,0,3,2,5,2,2,-3,0,1,0,-3,3,2,-1,1,-3,2,-1,-3,-1,-1,1,3,-4,1,0,-4,-4,-4,-3,-3,1,0,-1,-3,-3,-6,-1,-3,-4,-2,1,0,-1,2,-1,-3,-4,-3,-2,-2,2,1,2,1,0,-5,-2,-3,-3,4,0,4,1,0,1,-2,-6,-1,-4,3,1,4,1,0,1,-3,-4,1,0,-2,1,2,4,2,0,-2,-2,-2,-3,-1,3,4,2,1,1,-3,-3,0,-1,2,3,2,0,3,-2,-5,-4,3,-5,5,-2,3,5,3,-5,-4,0,0,-5,4,2,2,0,3,-1,-4,0,-2,-1,0,2,0,-1,4,-3,-1,-2,-3,0,2,3,2,1,1,0,-2,-3,-5,-5,6,4,0,2,1,-1,-2,-2,-3,1,4,0,0,2,1,-2,-3,-2,-1,-1,1,7,-1,1,1,-4,0,-2,-2,0,3,-1,1,1,2,0,-3,-4,2,-1,3,1,-2,4,0,-1,-3,0,-2,-1,3,2,1,0,2,-4,-1,-2,-2,1,3,1,1,1,3,-6,-1,3,-6,3,1,4,-3,2,1,-5,-2,1,-2,-1,4,4,-1,2,1,-2,-5,0,-3,0,3,1,2,3,-1,-3,-3,1,0,2,0,0,0,3,-3,-2,0,0,-2,2,3,4,0,2,0,-3,-2,0,1,1,1,1,4,3,-1,-2,-1,0,1,3,-2,3,1,0,-3,-1,-1,0,-2,1,2,4,-2,-1,-5,-3,-3,-1,-3,0,2,1,3,1,-3,-1,-2,-3,-3,4,4,0,-1,3,-1,-3,-4,-2,-3,2,7,-1,2,2,-4,-3,-3,2,2,-1,2,2,0,2,-3,-4,0,0,0,2,0,2,-3,1,-2,-1,-4,-4,0,6,8,11,11,11,6,12,13,16,20,26,17,2,-1,-10,-15,-19,-18,-18,-23,-22,-22,-15,-1,5,4,0,2,2,2,5,2,4,0,1,-4,-3,-3,0,1,3,3,3,2,0,-1,1,-7,-3,1,2,2,0,4,0,-2,-2,0,-2,2,1,3,3,1,-4,-1,0,-1,0,2,3,1,1,3,-1,-5,-2,-2,-1,0,5,2,3,3,-1,-3,-1,-2,1,3,2,1,2,4,-3,-3,1,1,0,4,2,4,1,5,-2,-4,-1,-1,2,3,4,2,5,2,0,0,-3,0,-2,5,3,2,1,1,-1,-1,-2,-1,-1,3,-1,0,-1,1,-4,-2,-3,-3,-2,1,1,-1,0,-1,-5,-3,-4,-6,-1,1,0,0,-3,3,0,-7,-3,-2,1,0,1,-1,3,1,-5,-1,-3,-1,1,4,0,-2,2,0,-2,-3,-2,-1,0,0,5,-1,4,-1,-2,-3,-3,1,3,1,1,4,-1,-1,-1,-1,-2,-2,1,3,-1,3,4,-2,-3,0,0,-1,0,3,4,1,2,-3,-6,-1,-1,0,2,2,2,2,0,-2,-3,1,-1,-1,1,2,3,1,1,-1,-3,0,-2,-2,2,2,0,1,1,-1,-3,1,-2,-1,-1,4,2,0,0,-4,-1,-1,0,-2,2,2,1,1,2,-2,-4,0,-1,-1,1,2,2,0,0,-2,1,-1,-3,0,1,1,3,1,-2,-1,1,-2,-2,0,2,1,0,2,-2,-2,-1,1,-2,-2,3,2,2,0,1,-2,-2,2,-2,-1,3,0,-1,4,2,-4,-3,-4,4,-1,2,4,-1,0,1,-3,-2,-3,-2,2,3,3,0,0,-1,-3,2,-1,0,-3,3,2,2,0,0,-2,-2,0,-2,0,2,5,0,1,-1,-1,-3,1,-4,1,3,4,-2,0,-2,-2,-1,-1,-3,4,3,1,2,0,0,-5,1,-5,2,0,5,4,4,2,-3,-2,-3,-2,1,2,3,2,2,4,-6,-2,2,0,-1,3,5,1,2,0,2,1,3,0,1,2,4,3,2,1,-4,-1,-2,-3,-1,4,0,2,-1,2,-2,0,-3,1,-3,1,4,0,3,0,-2,-4,0,-2,-3,2,3,1,0,5,-4,-2,2,-3,-3,0,3,3,0,-2,2,-3,0,-3,0,1,0,-1,3,-3,0,-3,-2,-3,0,4,6,12,15,9,9,12,10,16,20,27,24,3,-1,-10,-16,-19,-18,-24,-22,-22,-23,-16,0,6,-2,2,2,4,4,5,1,2,0,-2,-2,-1,-2,-2,1,2,1,1,3,0,-3,-1,0,-4,1,3,0,1,1,1,-3,-2,0,-2,2,3,2,1,2,2,-3,-4,-1,1,1,3,-1,4,3,-2,-3,-3,0,0,0,3,2,4,2,-2,-1,1,0,-3,-1,2,0,0,1,-3,4,2,-2,-2,4,3,2,5,-1,2,0,2,-2,-1,4,2,1,6,-1,-3,-1,6,4,-3,0,0,2,3,-1,1,-2,0,-2,-1,1,2,-1,0,-1,-2,-2,-3,-6,-3,-1,0,0,-2,-3,-6,-3,-2,-1,-7,0,-1,5,-3,-1,-4,-6,-3,-2,-2,-2,3,0,0,2,-3,-5,-5,1,2,1,1,2,1,0,-5,-2,-3,1,1,1,0,3,0,1,-5,-2,0,-2,0,5,1,0,-1,-2,-3,-2,-1,-1,1,3,4,1,1,-3,-3,-3,-4,1,4,1,3,0,3,-2,-3,-1,0,-2,3,1,3,1,1,-1,-3,-1,-2,-1,2,2,2,0,1,-4,0,1,-1,-1,3,2,-3,1,-3,-4,-4,-1,1,1,2,0,6,1,-1,0,-4,-2,-1,-2,4,2,3,1,-1,-1,-4,-1,-2,0,2,0,1,0,3,-3,-3,0,1,-2,0,3,-1,-1,2,-1,-3,-6,3,0,4,1,0,2,0,-1,1,-5,-2,0,1,3,1,2,0,-1,-2,-1,-3,-1,2,-1,4,3,0,-1,-3,-3,2,-2,1,-1,3,0,1,0,-3,0,-2,3,4,-1,2,-3,0,-1,-5,1,-1,5,2,-3,0,4,1,-2,-4,2,-1,-3,4,1,2,0,0,-2,-3,0,-1,1,7,1,1,2,2,-5,-2,0,0,-1,1,2,0,3,2,-2,-2,0,0,4,-1,5,-3,6,-5,-1,-2,-1,-2,2,2,0,-1,3,-8,-4,0,-1,-3,-2,3,6,-5,-1,-1,0,1,0,-4,2,4,-4,5,0,-3,0,-1,-2,-2,0,4,1,-1,2,-4,-2,1,0,-1,1,4,1,1,-2,-1,-4,0,0,0,-4,2,3,0,-2,-4,-5,2,2,8,13,11,10,12,15,13,17,21,16,8,0,-6,-9,-13,-11,-21,-24,-29,-21,-16,-4,0,5,5,1,2,5,4,-1,4,0,2,0,0,-1,-1,-3,-2,0,0,4,0,0,4,-2,-2,0,1,-3,3,5,-2,0,2,1,-2,-4,-1,-1,2,5,1,1,5,-5,-3,0,-1,1,0,2,1,1,2,-3,1,1,-2,-1,4,2,0,2,0,-3,0,0,0,-1,1,6,5,0,0,-2,1,-1,0,1,1,1,-1,3,4,2,-2,1,0,2,6,3,0,-2,4,0,-2,-2,2,-1,3,0,1,3,1,-3,-1,0,-3,-1,4,1,0,-1,0,-3,-6,-2,-2,-1,-1,-1,-4,2,-2,-2,-7,-2,-1,0,0,0,0,2,-4,-2,-5,-2,1,0,3,-1,1,2,-4,-3,-5,3,-2,-1,2,2,1,3,3,-7,-1,-5,2,0,3,0,0,2,0,-2,-2,1,-2,2,3,2,1,0,-4,-1,-1,-3,0,1,4,0,1,4,-5,0,1,-3,-1,4,4,0,0,0,-3,-3,0,0,-2,0,4,0,4,0,-1,-4,-3,2,0,1,0,3,1,5,-3,-4,-1,-4,-1,3,1,2,4,1,-1,-6,-5,4,0,-1,4,2,0,1,-3,-3,-3,-1,1,3,4,-2,0,4,-5,-4,0,0,-1,1,4,-1,1,4,-4,-3,-3,1,4,-3,1,2,4,-3,0,-3,-4,2,-1,1,2,1,2,-1,-1,-3,0,-1,1,3,2,0,1,-2,-1,-2,0,-5,1,3,0,2,1,2,-4,-3,0,3,-2,4,0,2,0,-3,1,0,-2,-4,-2,6,3,-2,3,0,-3,-1,-1,-2,-2,3,2,3,0,-2,1,0,1,-5,4,5,0,4,-1,0,-3,-3,-1,-2,1,6,5,0,1,-1,-3,-1,3,-2,2,-1,4,1,1,-3,-3,-1,0,-2,0,0,0,5,-4,-5,0,-3,-1,-4,5,1,-2,2,1,-1,-2,-4,-1,2,0,2,1,3,1,-2,-3,0,0,-6,4,2,1,-4,3,2,0,-1,-3,-1,0,2,4,-1,0,-5,0,-3,-2,0,3,-1,-4,4,3,4,7,8,8,6,13,12,17,21,14,17,-3,-4,-14,-9,-13,-9,-13,-18,-22,-22,-17,-1,4,5,6,3,5,3,2,2,-4,-2,-4,1,0,2,3,3,1,-2,-3,-4,-1,3,-2,1,3,2,1,-3,0,2,-1,2,-1,0,1,4,-2,-1,1,-1,-4,2,4,3,-2,0,1,5,2,2,3,3,5,0,7,2,0,1,1,-5,2,4,0,4,3,2,-4,2,-1,-3,4,2,7,2,-3,2,1,-2,1,-1,1,2,4,-1,2,6,1,-1,2,-3,3,0,5,-2,6,0,-2,-1,-4,1,1,1,2,5,-6,6,-3,-1,-4,-4,2,-2,2,0,-1,0,-5,-5,2,-3,-6,-1,-1,0,3,-5,-3,-4,-2,-3,2,-1,-1,6,-4,-1,-4,-3,-1,0,-1,3,0,-1,-1,0,-1,-3,-2,0,-3,3,3,0,4,0,-4,0,-2,-2,1,3,0,4,2,-5,-2,-1,-2,2,-4,4,2,0,2,-3,-2,0,-2,0,1,2,2,1,2,-3,-1,-3,-2,-1,-1,1,3,2,2,-2,-3,-1,-3,1,0,4,1,2,-2,0,-4,-1,-2,-2,1,4,0,-1,3,-2,-2,-4,5,-1,-2,2,1,2,-4,2,-5,-5,-1,-1,4,3,2,3,-8,6,-2,0,-4,1,-3,1,5,1,-3,-2,-2,2,-3,-3,8,4,-5,1,7,-10,-1,-4,2,3,-3,3,-3,2,2,0,-4,1,-3,-4,7,1,-1,1,2,-7,0,2,-3,-1,1,3,0,-1,2,-3,-2,0,-2,-2,3,2,0,1,-2,0,-1,1,-5,3,1,1,4,-1,-4,-2,-3,-1,0,2,5,2,2,1,-1,-4,2,1,-1,2,3,-1,1,-1,-1,-4,-2,0,3,8,-1,0,0,6,-2,-2,-3,-1,-1,1,3,-1,0,1,4,-6,-2,-4,-7,3,1,0,0,0,-2,-2,-3,-1,-3,1,5,-2,3,-1,2,-1,-4,-2,-1,3,1,2,0,0,-3,-4,1,1,-3,3,4,0,-4,3,1,-3,-3,0,-4,6,1,-1,-4,6,-5,-3,-3,3,-7,2,9,10,9,11,8,4,10,14,18,22,23,3,-2,-8,-17,-11,-16,-19,-19,-24,-15,-14,-3,3,-1,3,6,4,3,0,4,4,-1,-2,-2,0,0,0,1,0,6,-8,4,4,-6,-7,4,-1,3,1,6,3,-1,-2,-3,-1,1,-4,1,5,-1,5,5,-5,4,-7,3,-7,-1,2,3,2,2,-4,0,1,4,-8,4,4,4,1,0,-1,-2,1,-1,0,0,2,4,3,1,-1,-3,-1,-1,2,3,-2,6,2,4,1,-2,-1,-2,0,1,4,2,4,9,-6,-5,3,0,1,0,3,2,2,4,-3,-7,0,3,-4,4,2,-3,3,-2,-2,-3,-1,-3,-2,0,-2,9,-10,-1,-2,-7,-2,1,-5,-1,2,-2,-2,2,-4,-8,-1,0,-2,4,1,5,-4,-1,-5,-4,0,4,-2,0,1,2,3,-1,-3,-2,-3,-1,1,4,1,2,0,1,-3,-1,-3,-1,0,3,4,-1,2,-1,1,-1,-1,-3,-3,3,2,-4,6,-1,-2,-1,0,0,1,-1,3,3,1,-1,-2,-1,2,-4,-2,1,4,0,2,-2,-1,2,-6,-1,2,3,0,3,1,2,-1,-2,-5,0,-2,3,-1,4,2,-1,-3,-2,0,0,0,2,0,2,0,-2,-2,-1,1,-2,-1,2,2,2,2,-6,-1,-1,0,-2,4,2,-3,3,0,1,-3,0,-2,1,1,0,-1,1,1,-4,0,0,-1,-3,4,2,2,1,1,-4,-2,0,-2,-1,4,2,3,2,0,-6,1,-3,-2,0,4,2,-2,5,-4,-3,-1,2,-1,-4,7,-1,-2,1,-1,-2,3,-2,-1,0,4,2,2,2,-2,1,-1,1,-2,1,-2,4,-2,5,-4,1,0,1,2,0,1,4,0,3,-3,-2,2,-2,0,1,-2,-2,3,-4,-2,0,-3,-2,-3,2,1,0,-2,2,-3,2,0,-3,-1,3,-1,0,5,-3,-3,-1,1,-3,-1,4,2,1,0,-2,0,-2,-3,1,-5,7,3,1,-3,2,0,-5,0,-2,-3,3,-1,2,-1,1,-3,-3,-3,4,5,11,12,10,11,14,12,19,19,24,18,-1,-5,-13,-12,-21,-18,-26,-23,-22,-24,-7,3,8,5,2,7,3,-5,3,1,3,2,0,1,0,-5,1,-2,-1,-1,6,0,1,2,3,-5,-2,0,-1,1,1,5,-1,0,0,-2,-2,0,-1,5,-2,4,2,0,1,-1,-1,-3,1,-1,5,0,1,1,0,-3,-2,-1,0,4,1,2,4,1,-2,-4,0,2,1,1,1,3,6,0,2,-2,-3,0,-2,3,2,5,-1,3,5,-1,-1,0,-2,3,2,1,4,5,-1,2,-1,0,-1,-1,3,5,-2,1,0,-3,-4,-3,0,0,5,0,1,0,-4,-2,-5,-2,-3,-1,0,0,-5,1,-1,-8,-6,2,-1,-3,0,4,-2,0,-3,-3,-4,-1,0,-1,1,1,-1,1,1,1,-7,-1,-1,5,-2,0,6,-1,-5,-3,1,-1,-1,4,2,1,-2,2,-3,0,0,0,-2,4,-1,2,2,3,-4,-1,-3,0,0,1,5,0,1,-2,-1,-2,0,-2,-1,5,1,4,-2,3,-5,-5,1,-1,-1,8,-1,3,2,-2,-2,-4,-1,-1,2,2,0,2,2,-3,-2,0,-4,2,1,1,1,2,-1,-1,-3,1,1,5,1,4,2,4,5,0,-1,-4,3,-1,-2,6,2,1,3,0,-4,-2,-3,0,5,3,1,0,1,-4,-2,-1,0,1,0,3,1,3,2,-1,-4,-4,0,-1,0,4,3,2,-3,-2,-1,-2,1,0,0,3,-2,3,1 ]
      },
      { "name": "ECG I filtered",
        "units": "mV",
        "t0": 0,
        "tf": 5000,
        "gain": 200,
        "base": 0,
        "tps": 1,
        "scale": 1,
        "samp": [ -23,0,-1,0,0,0,0,1,0,0,1,0,0,0,1,0,0,0,1,0,0,0,0,0,0,0,0,1,0,0,0,1,0,0,0,1,0,0,0,0,1,0,1,1,0,1,0,1,0,0,0,-1,0,1,0,1,1,0,1,1,1,1,1,1,2,1,2,1,2,1,0,1,0,0,1,0,1,1,2,2,2,2,2,1,1,1,1,1,1,0,0,0,0,-1,0,-1,-1,-1,0,-1,0,0,0,-1,-1,-1,-2,-2,-3,-2,-3,-2,-1,-2,-1,-1,-1,-1,-1,-2,-2,-2,-1,-1,0,1,2,3,4,3,3,2,1,1,0,-1,-1,0,0,0,1,0,1,1,1,1,0,0,0,1,0,1,0,1,0,1,0,0,0,0,-1,0,0,-1,0,0,1,0,1,0,0,1,0,0,0,-1,0,0,0,-1,0,0,0,0,0,-1,0,0,1,0,0,1,0,1,0,0,0,-1,0,-1,0,-1,-1,0,0,-1,0,0,0,0,-1,0,0,-1,-1,0,-1,0,-1,0,1,0,1,1,1,0,0,0,0,0,0,0,1,0,0,0,-1,-1,-1,-1,-2,0,0,0,1,2,1,0,1,0,-1,-1,-1,-1,0,1,0,1,2,1,1,1,0,0,1,-1,0,0,-1,0,-1,-1,0,-1,1,1,1,1,2,1,1,1,-1,-1,-1,-1,-2,-1,-1,-1,0,-1,-1,-2,-1,-1,0,-1,0,1,1,0,1,0,0,0,0,-1,0,0,-1,0,-1,0,-1,-1,-1,0,0,0,0,0,0,0,-1,0,-1,-1,-1,0,0,0,0,1,0,-1,-1,-1,-1,0,2,4,8,10,13,16,17,17,16,13,11,6,1,-5,-9,-14,-18,-20,-21,-20,-18,-14,-10,-5,-1,2,5,5,6,4,3,2,0,-1,-1,-2,0,-1,0,0,0,1,0,0,-1,0,0,-1,0,0,0,0,0,1,0,1,1,0,1,0,0,0,0,0,0,0,-1,0,0,0,1,0,1,0,1,1,0,0,0,0,0,0,0,0,1,1,1,1,1,1,1,0,1,0,1,1,1,1,1,2,1,0,1,0,0,0,0,1,1,1,1,2,2,1,2,1,1,0,1,0,0,0,0,1,0,1,1,1,1,1,0,-1,-1,-2,-3,-2,-2,-1,-1,-1,-1,-1,-2,-2,-3,-3,-3,-3,-2,-2,0,0,0,0,0,-1,-1,-2,-2,-1,-1,-1,0,0,1,-1,0,-1,-1,-2,-1,0,-1,0,1,1,1,1,0,1,0,0,0,0,0,0,0,0,-1,0,-1,0,0,0,1,0,1,0,0,1,-1,0,0,-1,0,0,0,0,0,-1,0,0,-1,0,0,0,1,0,1,1,0,1,-1,0,0,-1,0,0,0,1,0,1,1,1,0,1,0,0,0,0,0,0,0,0,1,0,0,-1,0,0,-1,-1,0,-1,0,0,0,0,0,0,0,0,-1,0,-1,0,-1,0,0,1,0,0,0,0,0,0,0,0,0,0,0,1,1,0,1,0,1,0,0,1,0,1,0,1,0,1,0,0,0,0,0,0,-1,0,-1,0,-1,0,0,1,0,1,2,1,1,1,0,0,0,-1,-1,-1,-1,-1,-1,-1,-1,-1,-2,-1,-2,-1,-1,0,0,0,1,0,0,0,0,0,0,0,0,0,0,0,-1,0,-1,-1,-1,0,0,0,1,1,0,0,0,-1,-1,-1,-1,0,0,0,0,0,-1,-1,-2,-1,0,2,5,8,10,13,16,17,17,17,15,12,9,4,-1,-7,-12,-17,-20,-22,-23,-20,-16,-11,-6,-1,3,6,6,6,4,1,0,-2,-2,-2,-2,-1,0,1,1,1,0,1,0,0,0,0,0,1,1,0,1,0,0,-1,0,0,1,0,1,1,1,1,0,1,0,1,0,1,1,0,1,1,0,0,0,-1,0,0,0,0,1,1,1,2,1,1,1,0,0,0,0,-1,0,-1,0,1,1,1,2,2,3,2,1,2,1,1,1,1,1,1,2,1,2,1,2,1,0,1,0,0,1,1,0,0,0,0,-1,-1,-2,-1,-1,-1,0,0,0,0,-1,-1,-2,-2,-4,-3,-3,-3,-2,-1,0,-1,0,-1,0,-2,-2,-2,-2,-2,-1,-1,-1,0,0,0,-1,0,-1,-1,0,-1,0,-1,0,1,0,1,0,0,1,0,-1,0,0,0,0,0,-1,0,0,0,0,-1,0,0,-1,0,-1,-1,-1,0,-1,0,0,1,1,1,1,1,1,0,0,0,0,-1,0,0,1,0,1,0,1,0,-1,0,-1,0,-1,0,-1,0,0,0,0,0,0,0,0,-1,0,0,0,0,0,0,0,0,0,0,0,-1,0,0,0,-1,0,-1,0,-1,0,0,0,0,0,0,0,0,0,-1,0,-1,0,0,-1,0,0,0,0,0,0,0,0,1,0,0,1,0,0,-1,0,-1,-1,0,-1,1,0,2,1,1,1,1,-1,-1,-1,-1,-1,-1,0,0,0,1,0,0,0,1,0,1,2,2,3,3,3,3,3,2,1,1,1,0,0,0,1,0,1,1,2,1,1,2,1,1,1,1,0,0,1,0,0,0,-1,0,0,-1,0,-1,-1,0,-1,-1,0,-1,-1,-1,0,-1,-1,0,0,0,0,1,0,0,0,-1,-1,-1,-1,-1,-1,-1,-1,0,0,0,0,1,0,1,0,1,0,-1,0,0,-1,0,0,0,-1,0,0,-1,-2,-1,-2,-1,-1,1,3,5,8,10,13,15,16,18,18,17,15,11,6,0,-6,-13,-18,-22,-24,-23,-21,-17,-12,-6,-2,2,4,4,5,3,1,1,0,0,0,1,1,1,0,1,0,-1,-1,-1,-1,-1,0,1,1,1,1,0,1,-1,0,-1,0,0,-1,0,0,0,0,0,0,0,0,0,1,0,1,1,1,0,1,0,0,0,0,-1,0,0,1,0,0,1,0,0,1,0,1,1,1,1,1,1,1,0,1,0,0,1,1,1,2,2,2,2,3,1,2,1,0,1,0,0,0,0,1,1,1,0,1,1,0,0,-1,-1,-1,-1,-1,-1,0,-1,-1,-1,-2,-2,-3,-3,-3,-3,-3,-2,-2,-1,-1,0,-1,-2,-1,-2,-2,-2,-2,-1,-1,-1,0,-1,0,-1,-2,-1,-1,-1,0,0,0,1,0,0,-1,-1,-1,-1,-2,0,0,0,1,1,1,0,0,-1,-1,-1,-1,-1,0,0,0,2,1,2,1,1,1,-1,0,-1,-1,-1,-1,0,-1,0,0,1,0,1,0,1,0,1,0,0,0,-1,0,-1,-1,0,0,0,0,1,0,1,0,0,0,0,-1,0,0,0,0,0,0,0,-1,-1,0,-1,0,-1,0,0,1,0,0,1,0,0,0,0,-1,0,0,1,0,1,1,1,1,0,1,0,0,-1,-1,-1,-2,-1,0,-1,1,0,1,2,0,1,0,0,-1,-1,0,-1,-1,0,0,0,0,0,0,0,-1,0,0,0,0,0,0,0,0,1,0,0,1,1,0,1,1,0,1,0,-1,0,-1,-1,-1,0,0,0,0,1,0,1,0,0,0,0,0,-1,0,0,1,0,0,1,0,1,0,1,0,0,0,0,0,-1,-1,-1,0,-1,0,0,1,1,0,1,0,0,0,0,0,0,1,0,1,0,1,0,0,0,0,0,0,0,0,1,0,1,0,1,0,1,1,1,1,0,1,1,1,0,0,0,0,0,-1,0,0,0,0,0,0,0,-1,0,-1,-1,-1,-2,-1,-2,-1,-2,-1,0,-1,0,1,1,0,1,1,0,1,0,-1,0,-1,0,-1,-1,0,-1,-1,0,0,0,0,0,0,0,0,0,0,0,1,0,1,0,1,0,0,-1,-1,-1,-1,-1,0,1,2,4,6,9,11,13,16,18,18,18,15,13,8,1,-4,-12,-17,-21,-24,-23,-22,-18,-13,-7,-3,0,3,5,4,3,3,2,1,0,1,1,1,1,1,1,0,0,-1,0,-1,0,0,0,0,0,1,-1,0,0,0,1,0,1,0,1,0,1,0,0,0,-1,0,0,1,-1,0,0,0,0,0,0,0,1,1,1,1,1,0,1,0,1,0,1,1,1,2,1,1,0,1,0,0,0,0,1,1,2,1,1,2,1,1,1,1,1,1,2,1,2,1,2,1,1,0,1,1,0,1,1,1,0,1,1,1,0,0,-1,-1,-2,-2,-3,-2,-3,-2,-1,-1,0,0,0,-1,-1,-2,-3,-4,-3,-4,-3,-2,-1,0,0,0,0,0,-1,-2,-1,-2,-2,0,-1,0,0,0,0,0,0,-1,0,-1,-1,-1,0,0,0,0,0,1,0,0,-1,0,-1,0,0,0,0,1,0,1,1,1,1,0,-1,-1,-1,-1,-1,-1,0,-1,0,0,0,1,1,1,0,1,0,0,0,-1,0,-1,0,0,0,1,2,2,1,1,1,0,-1,-1,-1,-2,-1,0,0,0,1,1,1,0,1,0,0,0,-1,0,-1,0,-1,0,-1,0,-1,0,-1,-1,0,0,0,1,1,1,1,1,0,0,-1,-1,-2,-1,-2,0,-1,0,1,0,1,0,0,0,-1,0,-1,0,0,1,0,1,1,1,0,1,0,0,0,0,0,-1,0,-1,-1,-1,-1,0,-1,0,1,1,1,1,1,0,0,-1,-1,0,-1,-1,-1,-1,0,-1,0,0,0,0,0,1,0,1,0,1,1,0,1,0,0,0,0,-1,0,-1,0,0,1,0,1,1,1,2,1,1,0,1,1,1,1,1,2,1,1,1,1,0,1,0,1,0,1,1,1,0,1,1,1,0,0,0,0,0,0,1,0,1,1,1,1,1,0,1,1,1,1,0,1,0,0,0,0,0,-1,-1,-1,0,0,-1,0,0,0,0,0,-1,-1,0,-1,-1,0,0,-1,0,-1,-1,-1,-1,-1,-1,0,-1,0,1,0,-1,0,-1,-1,-1,-1,-1,0,0,1,1,1,1,1,1,0,0,-1,-1,-1,-1,-1,0,0,0,0,0,0,-1,-1,-2,-1,-1,0,2,4,6,9,11,13,15,16,16,15,13,9,5,0,-5,-12,-16,-20,-22,-23,-20,-16,-12,-6,-2,3,4,6,6,5,3,2,0,0,0,0,0,1,1,0,0,0,-1,-1,-1,-1,-1,0,0,0,1,0,1,0,0,1,0,-1,0,0,0,0,0,0,1,0,0,0,0,0,0,0,0,1,0,1,1,1,1,1,1,0,1,-1,0,-1,-1,-1,0,0,0,1,0,1,1,1,1,1,1,2,1,2,2,1,1,1,1,0,0,1,0,1,1,2,1,2,1,1,0,0,0,0,-1,0,0,0,1,1,0,0,0,-1,0,-2,-1,-2,-2,-2,-2,-2,-3,-2,-2,-3,-3,-2,-2,-2,-2,-2,-1,-1,-2,-1,-1,-1,-1,-2,-1,-1,-1,0,-1,0,-1,0,-1,-2,-1,-2,-1,-1,-1,0,0,0,1,0,1,0,0,0,-1,0,0,0,0,0,0,0,-1,0,-1,0,0,-1,0,1,0,1,0,1,0,0,0,0,0,-1,0,0,0,1,0,1,1,0,1,0,0,-1,-1,0,-1,0,0,0,1,2,1,1,1,1,0,-1,-1,-1,-1,-1,0,0,1,0,1,0,0,0,0,-1,0,0,0,0,1,1,0,0,0,-1,-1,-1,-1,0,-1,0,-1,1,0,0,0,1,0,1,0,0,0,0,-1,0,-1,0,0,-1,0,0,0,0,-1,0,0,-1,0,0,1,1,1,1,1,1,0,0,0,-1,-1,-1,0,-1,0,1,0,1,1,0,1,0,0,-1,0,-1,-1,-1,0,-1,1,0,1,1,1,1,1,0,-1,-1,-2,-1,-1,-1,-1,1,1,1,1,2,1,1,0,0,0,-1,0,-1,0,0,0,0,0,1,0,0,0,0,0,0,-1,0,0,-1,0,0,0,1,1,1,1,1,2,1,0,1,0,0,0,0,0,1,0,0,1,1,1,0,1,1,0,0,0,0,-1,0,-1,-1,0,-1,0,-1,0,-1,-1,0,-1,-1,0,-1,0,0,0,-1,0,0,0,-1,-1,0,-1,-1,0,-1,0,0,0,0,0,0,1,0,0,0,0,1,0,1,1,0,0,0,0,0,-1,-1,0,-1,0,-1,0,-1,-1,0,-1,1,1,4,5,9,10,14,15,17,18,17,15,12,7,1,-4,-10,-15,-20,-21,-22,-21,-17,-13,-8,-4,0,3,3,4,4,2,2,0,0,0,1,0,1,1,1,1,0,0,0,0,0,0,1,0,0,0,0,0,0,0,1,0,1,0,1,0,0,0,0,0,0,0,0,1,1,1,1,1,0,1,0,0,0,0,0,0,0,1,0,1,1,0,1,0,0,1,0,0,0,1,1,1,1,1,1,1,1,1,1,1,1,1,1,1,1,2,1,2,1,2,1,2,1,1,1,0,1,1,0,0,0,0,0,0,0,0,0,0,-1,0,0,-1,-1,-1,-2,-2,-2,-2,-2,-2,-1,-2,-2,-2,-2,-2,-3,-2,-2,-2,-1,-1,0,0,0,0,0,-1,-1,0,-1,-1,-1,-1,0,0,0,1,0,1,0,0,0,-1,-1,-1,-1,-1,-1,-1,-1,0,1,0,1,1,0,1,1,0,1,0,1,0,0,0,0,-1,0,-1,0,0,0,1,0,1,1,1,1,0,0,1,0,0,0,0,0,0,0,0,-1,-1,0,-1,0,-1,0,1,0,0,0,0,0,0,-1,0,-1,0,0,0,0,1,1,1,0,1,0,0,0,0,0,-1,0,-1,0,-1,0,0,-1,0,-1,0,0,0,0,0,0,1,0,1,0,0,0,0,-1,-1,0,-1,0,0,1,0,1,0,0,-1,-1,-2,-1,-1,0,0,0,1,1,1,1,0,0,0,0,0,-1,0,0,0,0,0,0,0,0,0,0,-1,0,0,0,0,0,0,0,0,1,0,1,0,0,0,-1,0,-1,0,-1,0,0,0,0,-1,0,0,-1,0,0,-1,1,0,1,1,0,1,0,-1,0,-1,-2,-1,-1,-1,0,1,1,1,1,1,1,0,-1,0,-1,0,0,0,0,1,1,1,0,0,0,0,1,0,0,1,1,1,1,1,1,0,0,0,0,0,1,2,1,3,2,2,2,2,2,1,1,1,1,1,0,1,1,0,0,0,-1,-1,-1,-1,-1,0,0,0,1,1,0,1,0,0,0,0,0,-1,0,0,0,-1,0,0,-1,0,-1,0,0,0,0,0,0,0,0,0,-1,0,-1,-1,0,-1,-1,-1,-1,-1,0,0,2,4,5,9,10,14,15,18,18,18,16,13,8,3,-4,-10,-16,-20,-23,-24,-23,-19,-14,-9,-4,1,3,5,5,5,3,2,0,0,0,-1,0,1,0,0,1,-1,0,-1,-1,0,-1,-1,0,0,0,-1,0,0,0,0,0,1,0,1,0,1,0,0,0,0,0,0,0,0,1,1,1,1,1,1,0,0,0,0,0,0,0,0,1,0,1,1,0,0,0,0,0,0,0,0,0,1,1,2,1,1,2,1,1,1,2,1,2,1,2,1,2,1,1,1,1,1,0,1,0,1,1,0,1,0,1,0,1,0,0,0,-1,-1,-1,-2,-3,-2,-3,-2,-3,-2,-2,-2,-3,-2,-3,-3,-3,-2,-3,-1,-2,-1,-1,-1,-1,-2,-2,-2,-3,-2,-2,-1,-1,-1,0,0,1,-1,0,0,-1,-1,-1,0,0,0,0,0,0,0,-1,-1,0,-1,-1,0,0,0,0,1,0,1,0,0,0,-1,0,0,0,0,0,0,0,-1,-1,0,-1,-1,0,-1,1,0,1,0,1,0,0,0,0,1,0,0,1,0,0,1,0,-1,0,-1,-1,-1,0,-1,0,0,0,1,0,1,0,0,0,-1,-1,-1,-1,-1,0,-1,0,0,1,0,1,1,0,1,0,0,-1,0,0,0,0,0,0,0,0,-1,0,-1,-1,-1,-1,-1,0,0,-1,0,0,1,0,0,1,0,1,0,0,0,-1,0,-1,-1,-2,0,-1,0,0,1,1,0,1,0,1,0,0,0,0,0,0,0,0,0,0,0,0,0,0,0,1,0,1,0,0,0,-1,0,-1,0,0,0,0,1,1,1,1,0,1,0,0,0,0,-1,0,0,-1,0,0,0,0,1,1,1,1,1,0,0,0,0,-1,0,0,0,0,1,1,0,0,0,0,0,1,0,1,2,1,2,2,1,1,1,0,0,-1,-1,-1,-2,-2,-1,-2,-1,-2,-1,-1,0,-1,0,-1,-1,0,-1,-1,0,0,0,1,1,0,1,1,0,0,0,-1,0,-1,-1,0,-1,-1,0,-1,0,1,0,1,1,0,1,0,0,-1,-1,-1,0,-1,0,0,0,0,0,1,1,3,6,8,11,14,17,17,18,16,13,8,4,-2,-8,-12,-17,-19,-20,-20,-18,-14,-11,-7,-3,1,3,5,6,5,4,2,2,0,0,0,0,1,0,0,0,-1,-1,-1,-1,-1,0,0,1,1,2,1,1,1,0,0,0,-1,0,0,0,0,1,0,1,0,0,0,0,0,0,0,0,0,1,0,1,1,2,1,1,1,1,0,1,0,1,0,1,1,0,1,1,0,1,0,-1,0,0,0,1,1,1,2,2,2,2,2,1,2,1,1,1,1,1,1,1,1,1,1,0,0,0,0,0,0,0,1,0,1,1,0,1,-1,0,-1,-1,-2,-1,-2,-2,-2,-2,-2,-2,-2,-2,-2,-1,-1,-1,-1,-1,-1,-1,-1,-2,-2,-2,-2,-1,-1,-1,-1,0,0,0,1,0,0,-1,0,0,-1,-1,0,0,-1,0,0,0,0,0,1,0,0,1,0,0,0,1,0,0,0,0,0,0,0,1,0,0,0,-1,0,0,-1,0,0,0,0,1,1,0,1,1,0,1,0,0,-1,0,-1,-1,0,-1,0,0,0,1,0,2,1,1,0,0,0,0,-1,-1,-1,0,-1,0,1,0,0,1,0,0,0,0,0,0,0,-1,0,0,-1,0,-1,0,-1,0,0,0,0,0,0,-1,0,0,0,0,0,1,0,1,0,0,0,0,-1,0,0,0,0,1,1,1,0,1,0,0,-1,0,-1,-1,0,-1,1,0,1,1,0,0,0,-1,-1,-1,-2,-1,-1,-1,0,0,1,1,1,1,1,0,1,0,1,0,0,0,0,0,-1,0,-1,0,-1,0,0,0,0,0,0,0,0,0,0,0,0,-1,0,1,1,1,1,2,2,1,1,0,-1,0,-1,-1,-1,-1,1,1,1,2,2,1,2,0,1,0,-1,0,-1,0,0,-1,0,-1,-1,-2,-2,-2,-2,-2,-1,-1,0,0,0,1,0,0,0,0,0,-1,0,0,0,0,0,0,0,0,-1,-1,0,-1,0,-1,1,0,1,0,1,0,0,0,0,0,0,0,-1,0,-2,-1,-2,-1,-1,0,1,3,6,7,10,12,12,14,14,13,12,9,6,1,-2,-8,-12,-16,-18,-19,-18,-16,-12,-8,-3,1,3,5,6,4,3,2,-1,-1,-1,-1,0,1,1,2,1,1,-1,-1,-2,-2,-1,-2,0,0,1,2,1,2,1,0,1,-1,0,0,0,0,0,1,1,0,1,0,0,0,1,2,2,2,3,3,3,4,2,2,2,2,1,2,1,1,1,1,0,1,0,1,1,2,1,2,2,2,1,1,1,0,-1,0,0,1,1,2,2,3,2,2,2,2,1,1,0,1,0,1,0,1,0,0,0,0,-1,0,0,0,0,1,0,0,0,-1,-1,-1,-2,-2,-3,-2,-2,-2,-2,-1,-2,-2,-2,-2,-2,-2,-2,-1,-1,-1,-1,-1,-1,0,-1,-1,-1,0,-1,0,0,-1,0,0,-1,-1,-1,-2,-1,-1,-1,0,0,1,1,1,1,0,0,-1,-1,-1,-1,-1,0,0,0,1,0,0,0,0,0,0,-1,0,0,0,0,0,0,0,-1,0,0,0,-1,0,0,0,0,0,-1,0,0,-1,0,0,0,0,0,0,0,-1,0,-1,0,-1,-1,0,-1,0,1,0,0,1,0,0,0,-1,-1,-1,-1,-1,-1,0,-1,0,0,1,0,0,0,0,0,-1,0,0,-1,0,-1,0,0,0,0,0,1,0,0,0,0,-1,0,0,-1,-1,0,-1,-1,-1,-1,0,0,1,1,1,1,1,0,0,-1,-2,-2,-2,-1,-1,-1,1,1,1,2,1,0,0,0,-1,-1,-1,-1,-1,-1,-1,0,-1,0,0,0,0,0,0,1,1,1,0,1,0,-1,0,0,0,0,0,1,1,1,1,1,1,0,-1,-1,-1,-1,-1,-1,0,1,1,1,2,3,2,1,2,0,0,-1,-1,-1,-2,-1,-1,-1,0,0,0,-1,0,-1,-1,-1,-2,-2,-1,-2,-1,0,-1,0,0,0,0,0,1,0,0,1,0,0,-1,0,-1,-1,-2,-1,0,0,0,0,1,1,1,1,0,0,0,-1,-1,-1,-1,0,-1,-1,0,-1,0,0,1,2,3,6,8,10,13,15,16,16,15,12,7,3,-3,-9,-14,-17,-20,-19,-19,-15,-12,-7,-4,0,2,4,4,3,3,2,1,1,1,0,0,1,0,0,0,0,-1,0,-1,0,0,0,1,2,1,2,1,1,1,0,-1,0,-1,-1,-1,0,1,1,1,1,2,1,1,0,0,-1,-1,-1,-1,-1,0,0,0,1,1,1,0,1,0,0,0,1,1,0,2,1,1,1,1,0,1,0,1,1,1,1,1,1,1,1,0,1,0,2,1,2,3,3,2,2,2,1,0,0,-1,0,0,0,1,1,1,1,0,-1,-1,-1,-1,-1,0,-1,0,0,0,-1,-2,-2,-3,-3,-3,-3,-2,-2,-2,-1,-1,-1,-1,-1,-2,-1,-1,-1,-2,-1,-1,-2,-1,-1,-1,0,0,0,0,1,0,0,-1,0,-1,-1,-1,0,-1,1,0,1,2,1,1,0,0,-1,0,-1,-1,-1,0,1,1,1,1,2,1,0,0,-1,-2,-1,-2,-1,-1,0,0,1,2,1,2,1,1,0,0,-1,0,0,-1,0,0,-1,0,0,0,0,0,0,0,1,1,1,0,1,1,0,0,0,0,0,0,0,0,1,0,0,-1,0,0,-1,0,-1,0,-1,-1,0,-1,-1,0,-1,0,0,0,1,0,1,0,0,0,1,0,0,1,0,1,0,0,0,-1,0,-1,-1,0,0,0,0,0,0,1,0,1,0,0,0,0,0,0,-1,0,0,0,0,1,0,0,0,0,0,0,-1,0,0,-1,1,0,0,0,0,0,0,0,-1,0,0,0,0,1,0,1,1,0,1,1,1,0,1,0,0,0,1,0,0,0,1,1,1,1,2,1,2,1,1,0,1,-1,-1,-1,-2,-2,-2,-2,-1,-1,0,0,0,0,0,-1,-1,-1,-1,-2,-1,0,0,0,1,0,1,0,-1,0,-1,0,-1,0,1,0,1,0,0,0,0,0,-1,0,0,0,0,0,0,-1,-1,-1,-1,-1,0,0,0,0,0,1,1,2,5,7,10,13,17,18,19,19,15,12,5,-1,-7,-13,-19,-21,-23,-22,-19,-16,-11,-6,-2,2,4,5,5,5,4,2,1,-1,0,-1,-1,0,0,0,1,1,0,0,0,-1,-1,0,0,0,0,1,1,1,1,0,0,0,0,0,1,0,1,1,1,1,1,0,1,0,0,-1,0,0,0,0,1,0,0,1,0,0,0,1,0,0,0,0,1,1,1,2,1,2,1,1,1,1,0,1,1,0,1,1,1,1,1,1,1,1,1,1,2,1,2,1,1,2,1,1,1,1,1,1,1,0,1,0,0,-1,-1,-1,-2,-1,0,-1,0,0,0,-1,-2,-1,-3,-3,-3,-3,-3,-3,-2,-2,-1,-1,-1,-1,-1,0,-1,-1,-1,0,-1,-1,-2,-1,-2,-2,-1,-2,-1,0,0,0,2,1,1,1,0,0,-1,-1,-1,-1,-1,0,1,0,1,1,1,0,0,-1,0,-1,0,-1,0,0,0,1,0,0,0,0,1,0,1,1,1,1,0,0,0,0,-1,-1,0,0,0,0,1,0,0,0,0,0,0,0,-1,1,0,0,0,0,0,0,0,0,1,0,1,0,0,-1,0,-1,0,0,0,1,2,2,2,3,2,3,2,2,1,2,1,0,1,0,0,-1,0,-1,0,-1,0,1,0,0,0,1,-1,0,0,-1,0,0,0,1,0,1,1,1,1,1,0,1,-1,0,-1,0,-1,0,0,0,0,0,0,0,0 ]
      }
    ]
  }
}
)
